4692633842.536247
4349294834.8276205
5832304592.20931
6477735661.895493
7871568147.60801
5005250952.662725
6847765140.634888
7012225659.983044
3331488089.3141737
7241748517.113906
5811082796.426376
5110968875.822083
6565055249.857466
4530571680.158836
6547201813.769533
7972095168.160367
6115907895.895702
4259764335.993764
5950554308.761356
5637749666.114446
8025533535.901377
7831790196.110914
5550975985.963764
6279726763.946415
8307817414.448237
4905276626.739968
6292941487.373022
6357134404.291198
6190297497.497916
5614456156.047191
6672755623.105578
6026520640.327002
4611784700.390121
5124697219.700281
5311763634.644377
5086717113.568446
7823588478.559196
5796319664.7944
8980787886.52426
4597845731.229795
4634744350.23337
6758756728.264641
7563188035.96547
5681783419.679998
5450772842.208852
5251234026.986955
4985992675.402492
6152005990.63724
5555532512.951368
6756657147.081998
7615688728.93258
7440239827.327807
7274187877.5003395
7107746773.555999
6270377486.149538
6086503864.80166
8037070208.285548
4632853985.590781
6667808142.547316
6181966678.23496
8115692507.606654
5275451368.860232
5079368360.414898
6309931972.779078
5946879211.164899
3927246332.398823
5379035297.378481
7815481790.908755
5928972226.894711
4590810574.352605
6260326562.013208
6058786385.824239
7682892814.472004
5833941767.182962
6718289227.336124
7964240803.353275
8051805107.057001
5468274933.248438
8692688802.024326
4382219318.313726
5639978646.508371
7162380152.788116
5219827786.88382
7061669877.16401
6737261377.928157
5819208481.49357
7661007063.378803
7915817547.000387
7180327065.001995
6169602335.288841
5615410519.081629
4640720730.39717
5977257157.869154
7555717359.50945
7757368949.496169
4974327511.237265
8842194131.109787
6402789050.421637
6286706863.284454
4997760229.060177
