0.0027321167094460554
0.0013308070329607759
0.003640398455899678
0.004066174802267444
0.001906159588393721
0.0024787545823489686
0.003654467076675985
0.0035173724914243382
0.0032562602202279595
0.001916514441178499
0.004747892846456642
0.0026884615535246056
0.002320768623030966
0.003161945112980871
0.003776161683175979
0.004273426942379709
0.0019352966968076077
0.0033402932906461307
0.0018735720252213023
0.0026327182683185766
0.002975120475927653
0.003244451565122692
0.002823968904453775
0.0033218666357899373
0.003152754672271649
0.0025072764403489683
0.0018177851374280335
0.0019114951451381472
0.003378524215510936
0.0021935698982855894
0.004708835120516543
0.0010598682717885414
0.0021269663720953408
0.001311149990972197
0.00455078135626296
0.0020931776925139506
0.001395750510977867
0.003932331601755765
0.0020373432005986658
0.0023862908208543035
0.0014805302733827221
0.004378221091226755
0.003852779774305772
0.004740437407963421
0.00210916911398947
0.004158174357501589
0.004067540863166189
0.0024244649448462822
0.004060204966727881
0.002387741729832603
0.003419326947973834
0.0014689927988073021
0.002262885298623231
0.002879934473966094
0.003158586114547835
0.0048671373141161624
0.0030269667901465136
0.0037352024524268486
0.0020595963487794206
0.0017166185792330188
0.004355582865399405
0.0018973850854918353
0.003680024744864356
0.00306288517587791
0.002159870741888429
0.003935698989081114
0.0018082580881645662
0.0022448739796458337
0.0034238986829983067
0.0032170982989750824
0.0018014556111343584
0.003505371987478155
0.002016430562147199
0.0027220149145207005
0.0016525025174897695
0.004362819839738186
0.003477094649729969
0.0010879778901753574
0.004220207997692136
0.0015938937589556987
0.0012418271520025482
0.002204828987525423
0.004299170241685793
0.002319991818318645
0.0018480795250153728
0.002584027474605886
0.00498863561954354
0.001920833527849926
0.001748929998471903
0.0014447810446304183
0.0012152644534137891
0.0035907326554203097
0.0014422744808539286
0.002720899378296815
0.0030313750543961315
0.0028122599224163843
0.0018918150182578302
0.004129979899232427
0.004394012529127403
0.0038095660926688577
